female_id offspring_weight gestation year
1  122 63.55 2010
1  123 63.55 2010
1  118 63.55 2010
1  110 63.55 2010
2  114 63.55 2010
2  121 63.55 2010
2  124 63.55 2010
2  113 63.55 2010
2  24 46.8357142857143 2010
2  24 46.8357142857143 2010
2  24 46.8357142857143 2010
3  24 46.8357142857143 2010
3  24 46.8357142857143 2010
3  23 46.8357142857143 2010
3  25 46.8357142857143 2010
4  57 54.63 2010
4  61 54.63 2010
4  64 54.63 2010
4  59 54.63 2010
4  645 93.51 2010
4  685 93.51 2010
4  705 93.51 2010
4  603 93.51 2010
5  370 79.366 2010
5  376 79.366 2010
5  362 79.366 2010
5  385 79.366 2010
5  340 79.366 2010
5  237 73.03 2010
6  259 73.03 2010
6  254 73.03 2010
6  260 73.03 2010
6  242 73.03 2010
6  236 73.03 2010
6  25 46.31 2010
7  23 46.31 2010
7  21 46.31 2010
7  21 46.31 2010
7  23 46.31 2010
7  21 46.31 2010
7  23 46.31 2010
8  20 46.31 2010
8  22 46.31 2010
8  19 46.31 2010
8  21 45.0528571428571 2010
8  20 45.0528571428571 2010
8  21 45.0528571428571 2010
9  20 45.0528571428571 2010
9  20 45.0528571428571 2010
9  20 45.0528571428571 2010
9  19 45.0528571428571 2010
9  17 43.0566666666667 2010
9  16 43.0566666666667 2010
10  15 43.0566666666667 2010
10  17 43.0566666666667 2010
10  13 43.0566666666667 2010
10  17 43.0566666666667 2010
10  34 49.4566666666667 2010
10  28 49.4566666666667 2010
10  28 49.4566666666667 2010
10  91 60.998 2010
10  100 60.998 2010
10  91 60.998 2010
11  90 60.998 2010
11  92 60.998 2010
11  18 45.1366666666667 2010
11  17 45.1366666666667 2010
11  17 45.1366666666667 2010
12  17 45.1366666666667 2010
12  18 45.1366666666667 2010
12  16 45.1366666666667 2010
12  17 43.078 2010
12  14 43.078 2010
13  14 43.078 2010
13  14 43.078 2010
13  15 43.078 2010
13  12 42.95 2010
14  11 42.95 2010
14  11 42.95 2010
14  95 59.8033333333333 2010
14  105 59.8033333333333 2010
14  91 59.8033333333333 2010
14  67 59.8033333333333 2010
14  102 59.8033333333333 2010
14  81 59.8033333333333 2010
15  100 61.99 2010
15  105 61.99 2010
15  107 61.99 2010
15  105 61.99 2010
15  57 54.086 2010
15  50 54.086 2010
15  52 54.086 2010
15  49 54.086 2010
16  53 54.086 2010
16  537 88.0166666666667 2010
16  554 88.0166666666667 2010
16  573 88.0166666666667 2010
16  502 88.0166666666667 2010
17  335 88.0166666666667 2010
17  567 88.0166666666667 2010
17  603 93.7233333333333 2010
17  568 93.7233333333333 2010
17  626 93.7233333333333 2010
17  595 93.7233333333333 2010
18  632 93.7233333333333 2010
18  575 93.7233333333333 2010
18  126 67.462 2010
18  172 67.462 2010
18  163 67.462 2010
18  152 67.462 2010
18  155 67.462 2010
19  238 71.27 2010
19  225 71.27 2010
19  169 71.27 2010
19  208 71.27 2010
19  212 71.27 2010
20  208 71.27 2010
20  50 53.702 2010
20  48 53.702 2010
20  47 53.702 2010
20  41 53.702 2010
20  47 53.702 2010
20  507 88.4966666666667 2010
21  513 88.4966666666667 2010
21  470 88.4966666666667 2010
21  406 88.4966666666667 2010
21  513 88.4966666666667 2010
21  503 88.4966666666667 2010
21 7 69.19 2011
22 7 69.19 2011
22 4 69.19 2011
22 2 69.19 2011
23  565 91.59 2011
23  555 91.59 2011
23  584 91.59 2011
23  556 91.59 2011
24  602 91.59 2011
24  334 79.1557142857143 2011
24  342 79.1557142857143 2011
24  294 79.1557142857143 2011
24  311 79.1557142857143 2011
24  299 79.1557142857143 2011
24  318 79.1557142857143 2011
25  305 79.1557142857143 2011
25  322 77.83 2011
25  324 77.83 2011
25  306 77.83 2011
26  312 77.83 2011
26  302 77.83 2011
26  269 77.83 2011
26  295 77.83 2011
27  217 71.83 2011
27  253 71.83 2011
27  227 71.83 2011
27  199 71.83 2011
27  40 52.43 2011
27  41 52.43 2011
28  40 52.43 2011
28  39 52.43 2011
28  36 52.43 2011
28  38 52.43 2011
28  39 52.43 2011
29  37 52.43 2011
29  620 94.854 2011
29  685 94.854 2011
29  653 94.854 2011
29  667 94.854 2011
29  576 94.854 2011
29  552 90.31 2011
29  505 90.31 2011
30  537 90.31 2011
30  550 90.31 2011
30  536 90.31 2011
31  506 90.31 2011
31  82 59.4833333333333 2011
31  74 59.4833333333333 2011
31  69 59.4833333333333 2011
31  24 48.2071428571429 2011
31  26 48.2071428571429 2011
32  25 48.2071428571429 2011
32  23 48.2071428571429 2011
32  26 48.2071428571429 2011
32  22 48.2071428571429 2011
32  23 48.2071428571429 2011
33  278 75.9633333333333 2011
33  270 75.9633333333333 2011
33  252 75.9633333333333 2011
33  255 75.9633333333333 2011
33  255 75.9633333333333 2011
33  277 75.9633333333333 2011
34  273 75.6814285714286 2011
34  244 75.6814285714286 2011
34  255 75.6814285714286 2011
34  238 75.6814285714286 2011
35  298 75.6814285714286 2011
35  248 75.6814285714286 2011
35  237 75.6814285714286 2011
35  449 84.39 2011
35  447 84.39 2011
36  427 84.39 2011
36  439 84.39 2011
36  467 84.39 2011
36  435 84.39 2011
36  109 56.4966666666667 2011
37  108 56.4966666666667 2011
37  116 56.4966666666667 2011
37  118 56.4966666666667 2011
37  102 56.4966666666667 2011
37  116 56.4966666666667 2011
37  110 61.2814285714286 2011
37  106 61.2814285714286 2011
38  112 61.2814285714286 2011
38  110 61.2814285714286 2011
39  107 61.2814285714286 2011
39  83 61.2814285714286 2011
39  100 61.2814285714286 2011
39  101 61.35 2011
39  113 61.35 2011
39  103 61.35 2011
39  87 61.35 2011
40  106 61.35 2011
40  95 61.35 2011
40  80 59.4985714285714 2011
41  81 59.4985714285714 2011
41  79 59.4985714285714 2011
41  78 59.4985714285714 2011
41  77 59.4985714285714 2011
41  79 59.4985714285714 2011
41  75 59.4985714285714 2011
42  112 61.27 2011
42  103 61.27 2011
42  108 61.27 2011
43  102 61.27 2011
43  72 55.9633333333333 2011
43  55 55.9633333333333 2011
44  71 55.9633333333333 2011
44  52 55.9633333333333 2011
44  66 55.9633333333333 2011
44  53 55.9633333333333 2011
44  252 74.8433333333333 2011
44  266 74.8433333333333 2011
45  256 74.8433333333333 2011
45  458 81.7233333333333 2011
45  423 81.7233333333333 2011
46  358 81.7233333333333 2011
46  445 81.7233333333333 2011
46  429 81.7233333333333 2011
46  415 81.7233333333333 2011
46  67 56.4966666666667 2011
46  65 56.4966666666667 2011
46  70 56.4966666666667 2011
47  67 56.4966666666667 2011
47  65 56.4966666666667 2011
47  73 56.4966666666667 2011
47  206 69.638 2011
47  197 69.638 2011
47  193 69.638 2011
48  197 69.638 2011
48  157 69.638 2011
48  294 75.91 2011
48  275 75.91 2011
48  295 75.91 2011
49  286 75.91 2011
49  210 75.91 2011
49  261 75.91 2011
50  220 73.11 2011
50  255 73.11 2011
50  235 73.11 2011
51  238 73.11 2011
51  17 44.63 2011
51  19 44.63 2011
51  18 44.63 2011
51  17 44.63 2011
51  18 44.63 2011
51  16 44.63 2011
51  18 44.63 2011
51  18 44.63 2011
52  417 80.7557142857143 2011
52  388 80.7557142857143 2011
52  365 80.7557142857143 2011
53  410 80.7557142857143 2011
53  388 80.7557142857143 2011
53  410 80.7557142857143 2011
53  402 80.7557142857143 2011
53  8 39.11 2011
53  8 39.11 2011
53  8 39.11 2011
54  503 91.0566666666667 2011
54  525 91.0566666666667 2011
54  500 91.0566666666667 2011
55  145 65.8833333333333 2011
55  143 65.8833333333333 2011
55  150 65.8833333333333 2011
55  85 65.8833333333333 2011
55  147 65.8833333333333 2011
55  130 65.8833333333333 2011
56  141 65.8833333333333 2011
56  158 65.8833333333333 2011
56  143 65.8833333333333 2011
56  506 85.19 2011
56  408 85.19 2011
56  435 85.19 2011
56  486 85.19 2011
57  454 85.19 2011
57  435 85.19 2011
57  384 85.19 2011
57  330 85.19 2011
58  17 44.55 2011
58  16 44.55 2011
58  21 45.2966666666667 2011
58  21 45.2966666666667 2011
58  21 45.2966666666667 2011
58  197 69.83 2011
59  182 69.83 2011
59  182 69.83 2011
59  350 77.59 2011
59  338 77.59 2011
59  297 77.59 2011
59  216 77.59 2011
60  306 78.87 2011
60  338 78.87 2011
60  298 78.87 2011
60  313 78.87 2011
60  14 41.3957142857143 2011
60  14 41.3957142857143 2011
60  14 41.3957142857143 2011
61  13 41.3957142857143 2011
61  13 41.3957142857143 2011
61  13 41.3957142857143 2011
61  12 41.3957142857143 2011
61  128 63.3233333333333 2011
61  116 63.3233333333333 2011
62  108 63.3233333333333 2011
62  392 78.2566666666667 2011
62  250 78.2566666666667 2011
62  362 78.2566666666667 2011
62  275 74.31 2011
63  260 74.31 2011
64  255 74.31 2011
64  250 74.31 2011
64  247 74.31 2011
64  315 79.494 2011
64  320 79.494 2011
65  326 79.494 2011
65  302 79.494 2011
65  308 79.494 2011
65  820 98.63 2011
65  482 87.1633333333333 2011
65  525 87.1633333333333 2011
66  465 87.1633333333333 2011
66  433 87.1633333333333 2011
66  465 87.1633333333333 2011
66  467 87.1633333333333 2011
66  434 87.174 2011
67  430 87.174 2011
67  448 87.174 2011
67  443 87.174 2011
67  451 87.174 2011
68  67 56.39 2011
68  65 56.39 2011
68  68 56.39 2011
